2002/08/11/big/img_591
152
6.0 6.0 0 50.0 356.0 0.548690140247345
6.0 6.0 0 116.0 368.0 0.5056648254394531
6.0 6.0 0 124.0 350.0 0.5386280417442322
6.0 6.0 0 130.0 350.0 0.5434913039207458
6.0 6.0 0 132.0 272.0 0.7458639740943909
6.0 6.0 0 136.0 294.0 0.6248335242271423
6.0 6.0 0 144.0 288.0 0.8395041227340698
6.0 6.0 0 146.0 52.0 0.6038122773170471
6.0 6.0 0 146.0 274.0 0.643021821975708
6.0 6.0 0 150.0 222.0 0.8526682257652283
6.0 6.0 0 156.0 210.0 0.6482559442520142
6.0 6.0 0 156.0 230.0 0.984415590763092
6.0 6.0 0 158.0 206.0 0.9791552424430847
6.0 6.0 0 172.0 202.0 0.9375692009925842
6.0 6.0 0 174.0 192.0 0.9940272569656372
6.0 6.0 0 178.0 186.0 0.9344845414161682
6.0 6.0 0 218.0 378.0 0.896174967288971
6.0 6.0 0 224.0 376.0 0.979109525680542
6.0 6.0 0 228.0 256.0 0.7259653210639954
6.0 6.0 0 230.0 374.0 0.9665714502334595
6.0 6.0 0 234.0 372.0 0.8853273987770081
6.0 6.0 0 238.0 370.0 0.9964345693588257
6.0 6.0 0 242.0 368.0 0.9985596537590027
6.0 6.0 0 246.0 366.0 0.9987809062004089
6.0 6.0 0 252.0 362.0 0.9988924860954285
6.0 6.0 0 254.0 230.0 0.6404376029968262
6.0 6.0 0 256.0 360.0 0.9722263216972351
6.0 6.0 0 258.0 232.0 0.7039523124694824
6.0 6.0 0 262.0 356.0 0.9890565276145935
6.0 6.0 0 266.0 352.0 0.8557432293891907
6.0 6.0 0 270.0 346.0 0.5783727765083313
6.0 6.0 0 274.0 236.0 0.9951207041740417
6.0 6.0 0 308.0 104.0 0.8964887857437134
6.0 6.0 0 318.0 254.0 0.8741018772125244
6.0 6.0 0 322.0 252.0 0.7953387498855591
6.0 6.0 0 358.0 248.0 0.9340261220932007
6.0 6.0 0 386.0 264.0 0.6670581102371216
6.0 6.0 0 396.0 280.0 0.5065638422966003
6.0 6.0 0 406.0 270.0 0.9124937653541565
6.0 6.0 0 410.0 286.0 0.7319541573524475
6.0 6.0 0 412.0 260.0 0.5762959122657776
6.0 6.0 0 414.0 294.0 0.6459033489227295
6.0 6.0 0 416.0 308.0 0.7428463101387024
6.0 6.0 0 418.0 292.0 0.9063875675201416
6.0 6.0 0 422.0 248.0 0.5749245882034302
6.0 6.0 0 424.0 290.0 0.9941025376319885
6.0 6.0 0 424.0 308.0 0.9476711750030518
6.0 6.0 0 424.0 318.0 0.911011278629303
6.0 6.0 0 424.0 334.0 0.8881351351737976
12.0 12.0 0 104.0 196.0 0.555870532989502
12.0 12.0 0 120.0 360.0 0.8064335584640503
12.0 12.0 0 124.0 368.0 0.9931862354278564
12.0 12.0 0 148.0 228.0 0.5101029872894287
12.0 12.0 0 152.0 48.0 0.579226016998291
12.0 12.0 0 152.0 212.0 0.7814916372299194
12.0 12.0 0 160.0 52.0 0.5404931306838989
12.0 12.0 0 168.0 208.0 0.5589194297790527
12.0 12.0 0 172.0 232.0 0.7524933815002441
12.0 12.0 0 172.0 388.0 0.5614885687828064
12.0 12.0 0 176.0 196.0 0.9581225514411926
12.0 12.0 0 184.0 368.0 0.5421894788742065
12.0 12.0 0 208.0 56.0 0.8362982273101807
12.0 12.0 0 216.0 44.0 0.5943537354469299
12.0 12.0 0 224.0 380.0 0.9216635227203369
12.0 12.0 0 228.0 24.0 0.7594242095947266
12.0 12.0 0 232.0 12.0 0.660898745059967
12.0 12.0 0 232.0 376.0 0.9429233074188232
12.0 12.0 0 236.0 220.0 0.6537551283836365
12.0 12.0 0 240.0 372.0 0.9370526671409607
12.0 12.0 0 244.0 224.0 0.5866109132766724
12.0 12.0 0 248.0 368.0 0.8397747278213501
12.0 12.0 0 256.0 56.0 0.7785302996635437
12.0 12.0 0 260.0 360.0 0.6899398565292358
12.0 12.0 0 268.0 240.0 0.5708720684051514
12.0 12.0 0 268.0 352.0 0.9999123811721802
12.0 12.0 0 272.0 232.0 0.5167274475097656
12.0 12.0 0 276.0 244.0 0.9956644177436829
12.0 12.0 0 276.0 348.0 0.9991798996925354
12.0 12.0 0 280.0 340.0 0.8447908759117126
12.0 12.0 0 296.0 256.0 0.9120470285415649
12.0 12.0 0 316.0 260.0 0.5604220628738403
12.0 12.0 0 324.0 256.0 0.8213651180267334
12.0 12.0 0 336.0 256.0 0.9249800443649292
12.0 12.0 0 348.0 256.0 0.8276367783546448
12.0 12.0 0 360.0 252.0 0.9975255131721497
12.0 12.0 0 376.0 248.0 0.554475724697113
12.0 12.0 0 396.0 284.0 0.9023098945617676
12.0 12.0 0 404.0 296.0 0.6196704506874084
12.0 12.0 0 408.0 276.0 0.7976507544517517
12.0 12.0 0 412.0 304.0 0.8729454874992371
12.0 12.0 0 416.0 272.0 0.986730694770813
12.0 12.0 0 420.0 236.0 0.9643277525901794
12.0 12.0 0 420.0 292.0 0.7699548006057739
18.0 18.0 0 74.0 162.0 0.5995796322822571
18.0 18.0 0 106.0 186.0 0.7252411842346191
18.0 18.0 0 122.0 362.0 0.9638233780860901
18.0 18.0 0 146.0 274.0 0.709487795829773
18.0 18.0 0 154.0 146.0 0.8320403695106506
18.0 18.0 0 162.0 34.0 0.6139567494392395
18.0 18.0 0 162.0 130.0 0.6150255799293518
18.0 18.0 0 170.0 114.0 0.6033994555473328
18.0 18.0 0 170.0 202.0 0.8157429695129395
18.0 18.0 0 210.0 58.0 0.9390958547592163
18.0 18.0 0 218.0 42.0 0.9995952248573303
18.0 18.0 0 218.0 146.0 0.6739157438278198
18.0 18.0 0 226.0 18.0 0.9775933027267456
18.0 18.0 0 234.0 34.0 0.5891432166099548
18.0 18.0 0 234.0 370.0 0.5805801153182983
18.0 18.0 0 250.0 362.0 0.5040751695632935
18.0 18.0 0 258.0 42.0 0.9977936744689941
18.0 18.0 0 266.0 90.0 0.5291344523429871
18.0 18.0 0 266.0 234.0 0.9918215870857239
18.0 18.0 0 282.0 42.0 0.6915306448936462
18.0 18.0 0 282.0 330.0 0.995750904083252
18.0 18.0 0 290.0 90.0 0.9991876482963562
18.0 18.0 0 298.0 266.0 0.9848427772521973
18.0 18.0 0 314.0 82.0 0.8909671306610107
18.0 18.0 0 314.0 258.0 0.9632928967475891
18.0 18.0 0 338.0 258.0 0.9945544004440308
18.0 18.0 0 362.0 250.0 0.9928542971611023
18.0 18.0 0 386.0 250.0 0.9999580383300781
18.0 18.0 0 394.0 298.0 0.9611121416091919
18.0 18.0 0 402.0 242.0 0.8764391541481018
24.0 24.0 0 56.0 280.0 0.9535131454467773
24.0 24.0 0 104.0 152.0 0.611315131187439
24.0 24.0 0 120.0 104.0 0.6926960349082947
24.0 24.0 0 120.0 360.0 0.887158215045929
24.0 24.0 0 136.0 264.0 0.5441420674324036
24.0 24.0 0 152.0 88.0 0.5026342868804932
24.0 24.0 0 152.0 136.0 0.9858318567276001
24.0 24.0 0 168.0 200.0 0.5654088258743286
24.0 24.0 0 184.0 104.0 0.5058469176292419
24.0 24.0 0 184.0 152.0 0.9994783997535706
24.0 24.0 0 184.0 232.0 0.9539265632629395
24.0 24.0 0 200.0 24.0 0.999386191368103
24.0 24.0 0 216.0 248.0 0.9820947051048279
24.0 24.0 0 248.0 24.0 0.9987038373947144
24.0 24.0 0 264.0 72.0 0.9988995790481567
24.0 24.0 0 312.0 56.0 0.9748527407646179
24.0 24.0 0 328.0 248.0 0.9368050694465637
24.0 24.0 0 360.0 264.0 0.9982763528823853
24.0 24.0 0 360.0 312.0 0.536822497844696
30.0 30.0 0 30.0 94.0 0.9891085624694824
30.0 30.0 0 30.0 222.0 0.8210907578468323
30.0 30.0 0 62.0 158.0 0.7464598417282104
30.0 30.0 0 94.0 286.0 0.9635569453239441
30.0 30.0 0 126.0 94.0 0.9999210834503174
30.0 30.0 0 126.0 190.0 0.9997939467430115
30.0 30.0 0 158.0 30.0 0.9917286038398743
30.0 30.0 0 254.0 62.0 0.9045103192329407
30.0 30.0 0 254.0 254.0 0.8988218307495117
36.0 36.0 0 36.0 36.0 0.9807218313217163
